camera_matrix:
  cols: 3
  data: [336.00471347722913, 0.0, 320.63364562422515, 0.0, 329.9584322577725, 256.03281513403783,
    0.0, 0.0, 1.0]
  rows: 3
camera_name: duckiebot1/camera_node
distortion_coefficients:
  cols: 5
  data: [-0.2842126167731646, 0.05882169762309691, -0.0030683152217698033, 0.0021572694509570563,
    0.0]
  rows: 1
distortion_model: plumb_bob
image_height: 480
image_width: 640
projection_matrix:
  cols: 4
  data: [234.31117248535156, 0.0, 323.32397079818475, 0.0, 0.0, 266.611572265625,
    261.60745333005616, 0.0, 0.0, 0.0, 1.0, 0.0]
  rows: 3
rectification_matrix:
  cols: 3
  data: [1.0, 0.0, 0.0, 0.0, 1.0, 0.0, 0.0, 0.0, 1.0]
  rows: 3
